[[1266.417203046554, 0.0, 816.2670197447984], [0.0, 1266.417203046554, 491.50706579294757], [0.0, 0.0, 1.0]]
[[0.9999708566009031, 0.0034879686663981595, 0.006791172464157311, 0.011906635377034836], [0.006725192192724422, 0.01859214393650593, -0.9998045328832106, -0.32498626809607245], [-0.0036135493391705026, 0.9998210671207254, 0.018568144838591472, -0.7590020378669377], [0.0, 0.0, 0.0, 1.0]]
[[0.005684778682715386, -0.005636667733598166, 0.9999679551206578, 1.70079118954], [-0.9999835174398977, -0.0008371152724920283, 0.005680148462035628, 0.0159456324149], [0.0008050713376760443, -0.9999837634756286, -0.005641333641939583, 1.51095763913], [0.0, 0.0, 0.0, 1.0]]
[[0.002033271791688551, 0.9997040585673611, 0.024241722087493377, 0.943713], [-0.999980529778975, 0.0021756571533340097, -0.005848639064917931, 0.0], [-0.0058996498863628614, -0.024229358222975842, 0.9996890178106995, 1.84023], [0.0, 0.0, 0.0, 1.0]]