[[1252.8131021185304, 0.0, 826.588114781398], [0.0, 1252.8131021185304, 469.9846626224581], [0.0, 0.0, 1.0]]
[[0.9998986137987431, 0.011220259396799078, -0.00876743419819445, -0.007022340992421229], [-0.009368031550067445, 0.0546451570151895, -0.9984618905094287, -0.35150598215132156], [-0.010723903590953663, 0.9984427938514321, 0.0547447284943317, -0.7332408994883366], [0.0, 0.0, 0.0, 1.0]]
[[0.010260207775400987, 0.008433448071667293, 0.9999117986552755, 1.72200568478], [-0.9998725753702895, 0.012316255772487572, 0.01015592763520401, 0.00475453292289], [-0.012229519973835201, -0.9998885871922777, 0.008558740785910401, 1.49491291905], [0.0, 0.0, 0.0, 1.0]]
[[-0.0005427950039369467, 0.9989306991411446, 0.04622946773398127, 0.985793], [-0.9999954923496239, -0.0004056931666273078, -0.002975011510460049, 0.0], [-0.0029530753489403067, -0.04623087416908819, 0.9989264165190274, 1.84019], [0.0, 0.0, 0.0, 1.0]]